68944.7
918229
414687
85609.6
611569
77498.4
1.13812e+06
75971
200353
76197
89964.6
71904.1
153284
72617.6
77566.8
319420
74927.2
457417
78167.7
74350.7
78591.8
73832.9
668915
73892.4
584495
78550.2
86432.9
69848.6
68901.3
73747.9
934960
78555.9
1.44077e+06
210414
78042.2
480309
73768
72102.1
82009.2
75025.9
75148.5
816483
70523.5
517436
68747.3
81090.7
868015
908033
480338
72655
574184
71496.5
516144
440375
543752
77008.7
74976.7
500768
73042.7
476714
84959.8
77520.2
85185.3
72744.2
75908.7
79379.6
76885.9
902374
78571.1
1.15442e+06
72876.2
750026
84318.3
774831
68413
665367
994382
73683.4
71268.5
79656.8
84109.5
80625.5
76899.7
72120.4
83512.5
78742.1
79177.5
78710.9
84307.5
79001.5
498451
605615
87589.7
73470.8
75083.3
76025.9
83134.2
77352
78241.2
77081.2
1.01687e+06
85171.6
73916.2
78385.8
70767.8
72364.9
85969.5
76865.4
73693.8
962868
778669
73957.9
1.14965e+06
79204.8
69997.8
71708.7
77386.5
278803
70772.6
84115.5
978520
74548.3
392043
650998
560985
74027.8
75547.1
301696
74200.6
1.3302e+06
81079.7
80080.8
197857
78240.6
72053.7
78690.5
459679
75312.9
80437.2
822686
452367
445400
84445.8
71473.9
68532.6
1.35972e+06
80160
73842.8
73982.1
446584
68692.5
438836
477336
83217.6
73959.2
136112
82642.3
78336.4
78060.8
69497.1
86178.8
799363
243839
1.07008e+06
90561.4
83253.2
70117.7
87288.5
74123
81034.1
71984.4
73459.4
84065.5
80242.1
77970.1
79950.9
487264
1.43672e+06
1.30598e+06
712908
71765
578015
760107
80325.3
72297.8
186484
80088.5
745737
714353
536009
528642
81718.8
76311.9
1.36246e+06
76554.7
80236.3
424407
70918.3
72552.1
98732.8
82739.7
73978.4
309814
1.28413e+06
73439.5
84396.6
69331.4
69860.3
75998
78307.5
82241.5
76296.1
88793.2
79133.8
79787.2
79543.1
79232.7
76061.1
1.04738e+06
1.16596e+06
79494.6
974264
70276.2
72175.1
79952.1
76253.4
85017.5
1.00062e+06
372118
80799.4
941617
75338.6
75433.2
92115.3
81580.7
737197
1.13316e+06
76518.5
77495.6
524548
74040.8
851563
71208.9
982132
74151.3
74809.3
519856
83580.5
562669
77529.2
780057
71671.4
81747.5
69438.8
486971
76423.2
74111.8
419240
75981.4
77863.3
71382.4
521927
440080
79945.1
70338.6
1.10143e+06
78974.1
75465.6
948401
70817.7
81057.6
78356.5
775867
801764
74233.7
817115
75653.9
83950.4
448203
1.00271e+06
79854.2
80411.2
80149.2
74352.8
78951.7
76544.3
990720
77185.2
444841
75379.9
83222.3
67798.7
684027
92274.1
82387.6
504700
71877.5
80222.8
270688
75390.3
69380.7
1.11318e+06
80806
82895.5
73686.1
68465.1
77486.3
955446
73942.5
72068.2
74887.1
86561.8
85011.8
77522
70152.6
77090.4
976923
937048
852629
925020
78450.9
71071.9
78304.4
371666
78630.4
202198
905626
74034.1
77885.1
90371.8
670604
104461
727202
83374.3
518705
71512.2
358630
469658
81148.2
1.12946e+06
91446.2
83299
79489.5
1.06069e+06
75174
77394.9
77336.4
73311.3
766381
79183.1
73817.1
396218
715344
81086.3
72111.3
72085.1
135442
95603.2
71529.9
260975
75488.2
86519
78064.6
671544
83193.7
79644.9
71214.7
72329.6
78811.3
70306
88768.3
70215.6
74927.8
147713
77708.9
78444.1
72151.1
75599.4
172114
73171.4
96289.2
84868.5
105715
75480.6
1.06797e+06
76657.2
1.41173e+06
72085.7
98403.1
239522
83363.7
74118.1
75694.8
1.03465e+06
76986.5
77337.2
76973.7
77037.5
80664.1
1.26549e+06
73485
78676.3
78663.8
73588.6
71844.6
752518
72401.2
83728.5
77496
72551.3
295074
71543.7
76195.8
78543.1
75961.7
74007.4
88316.7
80543.9
443953
72817.8
1.01408e+06
73767.9
80364.8
72344.7
78986.2
426163
562697
1.0924e+06
75018.2
75371.9
73996.9
82233.2
725319
80027.2
310667
82858.2
73374.5
72120.2
67183
74770.6
74085.1
74035
72592.8
469957
83815
83092.4
74200.5
70924
1.29751e+06
650631
78254.3
74249.7
912462
79944.4
77865.4
92962.6
72448.8
75842.6
80172.8
76332
79076.2
837680
83498.4
124504
83306.5
79737.9
74968.3
82278.4
74541.5
307152
76173.3
64495.3
84794.4
80021.4
490373
71306.5
360500
906263
74530.7
214087
69274.1
75842.7
483651
365840
78034.8
298246
69540.7
1.0497e+06
84114.1
323375
82049.9
78998.6
1.12378e+06
72753.8
80745.7
972015
725187
1.08573e+06
464003
75122.8
